1.065 26.428
1.598 27.341
2.130 28.312
2.663 29.333
3.196 30.393
3.728 31.483
4.261 32.593
4.794 33.713
5.326 34.834
5.859 35.945
6.391 37.038
6.924 38.101
7.457 39.126
7.989 40.102
8.522 41.020
9.055 41.869
9.587 42.640
10.120 43.321
10.652 43.903
11.185 44.374
11.718 44.725
12.250 44.943
12.783 45.019
13.316 44.939
13.848 44.706
14.381 44.327
14.913 43.813
15.446 43.175
15.979 42.421
16.511 41.561
17.044 40.604
17.577 39.560
18.109 38.437
18.642 37.243
19.174 35.989
19.707 34.681
20.240 33.329
20.772 31.941
21.305 30.525
21.838 29.090
22.370 27.644
22.903 26.194
23.435 24.750
23.968 23.319
24.501 21.910
25.033 20.531
25.566 19.190
26.099 17.896
26.631 16.655
27.164 15.468
27.696 14.339
28.229 13.269
28.762 12.259
29.294 11.313
29.827 10.432
30.360 9.619
30.892 8.877
31.425 8.207
31.957 7.613
32.490 7.097
33.023 6.664
33.555 6.314
34.088 6.053
34.621 5.883
35.153 5.808
35.686 5.832
36.218 5.959
36.751 6.192
37.284 6.537
37.816 6.997
38.349 7.578
38.881 8.283
39.414 9.116
39.947 10.066
40.479 11.123
41.012 12.275
41.545 13.511
42.077 14.820
42.610 16.190
43.142 17.612
43.675 19.074
44.208 20.566
44.740 22.077
45.273 23.597
45.806 25.115
46.338 26.620
46.871 28.102
47.403 29.550
47.936 30.954
48.469 32.302
49.001 33.585
49.534 34.790
50.067 35.908
50.599 36.926
51.132 37.833
51.664 38.618
52.197 39.270
52.730 39.791
53.262 40.187
53.795 40.463
54.328 40.625
54.860 40.680
55.393 40.632
55.925 40.488
56.458 40.251
56.991 39.927
57.523 39.521
58.056 39.038
58.589 38.481
59.121 37.857
59.654 37.167
60.186 36.418
60.719 35.613
61.252 34.755
61.784 33.850
62.317 32.900
62.850 31.910
63.382 30.883
63.915 29.823
64.447 28.733
64.980 27.617
65.513 26.480
66.045 25.328
66.578 24.166
67.111 23.002
67.643 21.840
68.176 20.686
68.708 19.548
69.241 18.430
69.774 17.339
70.306 16.281
70.839 15.262
71.372 14.288
71.904 13.366
72.437 12.502
72.969 11.702
73.502 10.973
74.035 10.323
74.567 9.756
75.100 9.282
75.632 8.906
76.165 8.637
76.698 8.481
77.230 8.447
77.763 8.541
78.296 8.767
78.828 9.115
79.361 9.576
79.893 10.141
80.426 10.800
80.959 11.546
81.491 12.369
82.024 13.261
82.557 14.214
83.089 15.218
83.622 16.267
84.154 17.351
84.687 18.462
85.220 19.593
85.752 20.736
86.285 21.882
86.818 23.024
87.350 24.153
87.883 25.262
88.415 26.342
88.948 27.386
89.481 28.384
90.013 29.330
90.546 30.214
91.079 31.030
91.611 31.779
92.144 32.460
92.676 33.077
93.209 33.628
93.742 34.117
94.274 34.543
94.807 34.906
95.340 35.209
95.872 35.450
96.405 35.632
96.937 35.753
97.470 35.814
98.003 35.815
98.535 35.757
99.068 35.638
99.601 35.460
100.133 35.221
100.666 34.921
101.198 34.560
101.731 34.136
102.264 33.650
102.796 33.101
103.329 32.487
103.862 31.808
104.394 31.069
104.927 30.278
105.459 29.440
105.992 28.564
106.525 27.655
107.057 26.721
107.590 25.768
108.123 24.803
108.655 23.833
109.188 22.864
109.720 21.903
110.253 20.956
110.786 20.031
111.318 19.134
111.851 18.272
112.383 17.452
112.916 16.680
113.449 15.963
113.981 15.310
114.514 14.726
115.047 14.220
115.579 13.798
116.112 13.468
116.644 13.238
117.177 13.108
117.710 13.070
118.242 13.121
118.775 13.253
119.308 13.461
119.840 13.739
120.373 14.082
120.905 14.484
121.438 14.940
121.971 15.446
122.503 15.995
123.036 16.583
123.569 17.205
124.101 17.855
124.634 18.530
125.166 19.224
125.699 19.932
126.232 20.651
126.764 21.374
127.297 22.097
127.830 22.816
128.362 23.526
128.895 24.222
129.427 24.899
129.960 25.553
130.493 26.185
131.025 26.791
131.558 27.372
132.091 27.926
132.623 28.451
133.156 28.946
133.688 29.410
134.221 29.841
134.754 30.237
135.286 30.598
135.819 30.921
136.352 31.205
136.884 31.448
137.417 31.647
137.949 31.802
138.482 31.910
139.015 31.969
139.547 31.977
140.080 31.932
140.613 31.831
141.145 31.671
141.678 31.451
142.210 31.168
142.743 30.820
143.276 30.413
143.808 29.953
144.341 29.445
144.874 28.895
145.406 28.308
145.939 27.691
146.471 27.049
147.004 26.388
147.537 25.712
148.069 25.027
148.602 24.339
149.134 23.653
149.667 22.974
150.200 22.309
150.732 21.661
151.265 21.038
151.798 20.444
152.330 19.884
152.863 19.365
153.395 18.893
153.928 18.472
154.461 18.110
154.993 17.811
155.526 17.581
156.059 17.418
156.591 17.319
157.124 17.279
157.656 17.295
158.189 17.364
158.722 17.481
159.254 17.643
159.787 17.846
160.320 18.089
160.852 18.366
161.385 18.675
161.917 19.012
162.450 19.376
162.983 19.762
163.515 20.167
164.048 20.589
164.581 21.024
165.113 21.470
165.646 21.923
166.178 22.382
166.711 22.842
167.244 23.301
167.776 23.756
168.309 24.204
168.842 24.644
169.374 25.073
169.907 25.490
170.439 25.894
170.972 26.283
171.505 26.655
172.037 27.010
172.570 27.345
173.103 27.659
173.635 27.950
174.168 28.216
174.700 28.456
175.233 28.668
175.766 28.849
176.298 28.999
176.831 29.115
177.364 29.195
177.896 29.237
178.429 29.240
178.961 29.199
179.494 29.115
180.027 28.983
180.559 28.802
181.092 28.569
181.624 28.285
182.157 27.954
182.690 27.582
183.222 27.173
183.755 26.731
184.288 26.263
184.820 25.771
185.353 25.262
185.885 24.739
186.418 24.208
186.951 23.673
187.483 23.137
188.016 22.607
188.549 22.087
189.081 21.581
189.614 21.093
190.146 20.629
190.679 20.193
191.212 19.791
191.744 19.426
192.277 19.103
192.810 18.828
193.342 18.606
193.875 18.442
194.407 18.338
194.940 18.292
195.473 18.301
196.005 18.361
196.538 18.469
197.071 18.621
197.603 18.813
198.136 19.044
198.668 19.309
199.201 19.605
199.734 19.930
200.266 20.280
200.799 20.653
201.332 21.046
201.864 21.456
202.397 21.879
202.929 22.314
203.462 22.756
203.995 23.205
204.527 23.656
205.060 24.108
205.593 24.556
206.125 24.999
206.658 25.434
207.190 25.858
207.723 26.269
208.256 26.667
208.788 27.048
209.321 27.413
209.854 27.760
210.386 28.086
210.919 28.391
211.451 28.673
211.984 28.930
212.517 29.160
213.049 29.363
213.582 29.535
214.115 29.676
214.647 29.783
215.180 29.855
215.712 29.889
216.245 29.884
216.778 29.836
217.310 29.745
217.843 29.608
218.376 29.422
218.908 29.186
219.441 28.895
219.973 28.550
220.506 28.150
221.039 27.703
221.571 27.213
222.104 26.686
222.636 26.128
223.169 25.542
223.702 24.936
224.234 24.313
224.767 23.679
225.300 23.039
225.832 22.398
226.365 21.762
226.897 21.134
227.430 20.522
227.963 19.929
228.495 19.361
229.028 18.823
229.561 18.321
230.093 17.859
230.626 17.444
231.158 17.080
231.691 16.774
232.224 16.530
232.756 16.355
233.289 16.251
233.822 16.213
234.354 16.238
234.887 16.323
235.419 16.463
235.952 16.655
236.485 16.896
237.017 17.182
237.550 17.510
238.083 17.878
238.615 18.280
239.148 18.716
239.680 19.181
240.213 19.673
240.746 20.188
241.278 20.724
241.811 21.279
242.344 21.848
242.876 22.430
243.409 23.022
243.941 23.620
244.474 24.223
245.007 24.827
245.539 25.429
246.072 26.028
246.605 26.620
247.137 27.202
247.670 27.773
248.202 28.328
248.735 28.866
249.268 29.383
249.800 29.877
250.333 30.345
250.866 30.783
251.398 31.190
251.931 31.562
252.463 31.895
252.996 32.187
253.529 32.435
254.061 32.635
254.594 32.783
255.126 32.877
255.659 32.913
256.192 32.887
256.724 32.796
257.257 32.635
257.790 32.401
258.322 32.089
258.855 31.697
259.387 31.229
259.920 30.692
260.453 30.094
260.985 29.440
261.518 28.738
262.051 27.994
262.583 27.215
263.116 26.406
263.648 25.575
264.181 24.728
264.714 23.871
265.246 23.011
265.779 22.153
266.312 21.305
266.844 20.472
267.377 19.660
267.909 18.877
268.442 18.128
268.975 17.421
269.507 16.761
270.040 16.155
270.573 15.611
271.105 15.134
271.638 14.732
272.170 14.404
272.703 14.149
273.236 13.963
273.768 13.844
274.301 13.788
274.834 13.794
275.366 13.859
275.899 13.980
276.431 14.155
276.964 14.382
277.497 14.659
278.029 14.985
278.562 15.356
279.095 15.772
279.627 16.231
280.160 16.730
280.692 17.269
281.225 17.845
281.758 18.458
282.290 19.106
282.823 19.787
283.356 20.500
283.888 21.245
284.421 22.019
284.953 22.820
285.486 23.643
286.019 24.481
286.551 25.330
287.084 26.184
287.617 27.038
288.149 27.886
288.682 28.724
289.214 29.544
289.747 30.343
290.280 31.115
290.812 31.854
291.345 32.554
291.878 33.210
292.410 33.817
292.943 34.368
293.475 34.857
294.008 35.279
294.541 35.627
295.073 35.896
295.606 36.078
296.138 36.168
296.671 36.158
297.204 36.041
297.736 35.816
298.269 35.488
298.802 35.065
299.334 34.555
299.867 33.965
300.399 33.303
300.932 32.576
301.465 31.791
301.997 30.955
302.530 30.075
303.063 29.158
303.595 28.210
304.128 27.239
304.660 26.251
305.193 25.253
305.726 24.251
306.258 23.252
306.791 22.263
307.324 21.290
307.856 20.340
308.389 19.420
308.921 18.537
309.454 17.697
309.987 16.907
310.519 16.174
311.052 15.499
311.585 14.880
312.117 14.319
312.650 13.814
313.182 13.367
313.715 12.976
314.248 12.643
314.780 12.367
315.313 12.149
315.846 11.990
316.378 11.890
316.911 11.850
317.443 11.870
317.976 11.952
318.509 12.096
319.041 12.304
319.574 12.577
320.107 12.916
320.639 13.323
321.172 13.798
321.704 14.345
322.237 14.965
322.770 15.659
323.302 16.429
323.835 17.271
324.368 18.175
324.900 19.135
325.433 20.141
325.965 21.186
326.498 22.262
327.031 23.360
327.563 24.474
328.096 25.594
328.629 26.714
329.161 27.824
329.694 28.919
330.226 29.988
330.759 31.025
331.292 32.022
331.824 32.970
332.357 33.862
332.889 34.688
333.422 35.442
333.955 36.113
334.487 36.694
335.020 37.176
335.553 37.550
336.085 37.807
336.618 37.945
337.150 37.970
337.683 37.890
338.216 37.710
338.748 37.437
339.281 37.077
339.814 36.636
340.346 36.120
340.879 35.533
341.411 34.883
341.944 34.174
342.477 33.411
343.009 32.601
343.542 31.747
344.075 30.856
344.607 29.931
345.140 28.979
345.672 28.004
346.205 27.010
346.738 26.004
347.270 24.989
347.803 23.970
348.336 22.953
348.868 21.942
349.401 20.941
349.933 19.955
350.466 18.988
350.999 18.043
351.531 17.124
352.064 16.237
352.597 15.384
353.129 14.569
353.662 13.798
354.194 13.075
354.727 12.403
355.260 11.787
355.792 11.233
356.325 10.743
356.858 10.325
357.390 9.981
357.923 9.718
358.455 9.541
358.988 9.454
359.521 9.463
360.053 9.575
360.586 9.794
361.118 10.126
361.651 10.579
362.184 11.156
362.716 11.848
363.249 12.645
363.782 13.536
364.314 14.511
364.847 15.558
365.379 16.669
365.912 17.832
366.445 19.038
366.977 20.276
367.510 21.536
368.043 22.810
368.575 24.085
369.108 25.354
369.640 26.605
370.173 27.829
370.706 29.016
371.238 30.156
371.771 31.238
372.304 32.252
372.836 33.189
373.369 34.037
373.901 34.786
374.434 35.425
374.967 35.944
375.499 36.345
376.032 36.635
376.565 36.823
377.097 36.914
377.630 36.918
378.162 36.839
378.695 36.687
379.228 36.467
379.760 36.185
380.293 35.849
380.826 35.466
381.358 35.040
381.891 34.579
382.423 34.090
382.956 33.577
383.489 33.048
384.021 32.508
384.554 31.964
385.087 31.421
385.619 30.886
386.152 30.365
386.684 29.865
387.217 29.390
387.750 28.948
388.282 28.541
388.815 28.167
389.348 27.823
389.880 27.509
390.413 27.223
390.945 26.962
391.478 26.726
392.011 26.512
392.543 26.320
393.076 26.147
393.609 25.992
394.141 25.853
394.674 25.730
395.206 25.621
395.739 25.524
396.272 25.438
396.804 25.362
397.337 25.294
397.870 25.233
398.402 25.178
398.935 25.127
399.467 25.080
400.000 25.000
